hc_c10h8_0pent_1 (0, 5):
    len(ac)=10
    len(ac_check)=18
    same=False
	edges: [(0, 1), (0, 9), (1, 2), (2, 3), (3, 4), (3, 8), (4, 5), (5, 6), (6, 7), (7, 8), (8, 9)]
	edges_check: [(0, 1), (0, 5), (0, 6), (1, 2), (1, 9), (2, 3), (3, 4), (4, 5), (6, 7), (7, 8), (8, 9)]
hc_c18h12_0pent_1 (2, 14):
    len(ac)=18
    len(ac_check)=30
    same=False
	edges: [(0, 1), (0, 5), (1, 2), (2, 3), (3, 4), (3, 17), (4, 5), (4, 6), (6, 7), (6, 11), (7, 8), (8, 9), (9, 10), (10, 11), (11, 12), (12, 13), (12, 17), (13, 14), (14, 15), (15, 16), (16, 17)]
	edges_check: [(0, 1), (0, 5), (0, 6), (1, 2), (1, 9), (2, 3), (2, 10), (3, 4), (3, 13), (4, 5), (4, 14), (5, 17), (6, 7), (7, 8), (8, 9), (10, 11), (11, 12), (12, 13), (14, 15), (15, 16), (16, 17)]
hc_c22h14_0pent_10 (5, 15):
    len(ac)=22
    len(ac_check)=36
    same=False
	edges: [(0, 1), (0, 5), (1, 2), (2, 3), (3, 4), (3, 21), (4, 5), (4, 6), (6, 7), (7, 8), (8, 9), (8, 21), (9, 10), (10, 11), (10, 19), (11, 12), (12, 13), (13, 14), (13, 18), (14, 15), (15, 16), (16, 17), (17, 18), (18, 19), (19, 20), (20, 21)]
	edges_check: [(0, 1), (0, 5), (0, 6), (1, 2), (1, 9), (2, 3), (3, 4), (3, 10), (4, 5), (4, 13), (6, 7), (6, 14), (7, 8), (7, 17), (8, 9), (10, 11), (11, 12), (12, 13), (12, 18), (13, 21), (14, 15), (15, 16), (16, 17), (18, 19), (19, 20), (20, 21)]
hc_c10h8_0pent_1 (0, 5):
    len(ac)=10
    len(ac_check)=18
    same=False
	edges: [(0, 1), (0, 9), (1, 2), (2, 3), (3, 4), (3, 8), (4, 5), (5, 6), (6, 7), (7, 8), (8, 9)]
	edges_check: [(0, 1), (0, 5), (0, 6), (1, 2), (1, 9), (2, 3), (3, 4), (4, 5), (6, 7), (7, 8), (8, 9)]
hc_c10h8_0pent_1 (0, 5):
    len(ac)=10
    len(ac_check)=18
    same=False
	edges: [(0, 1), (0, 9), (1, 2), (2, 3), (3, 4), (3, 8), (4, 5), (5, 6), (6, 7), (7, 8), (8, 9)]
	edges_check: [(0, 1), (0, 5), (0, 6), (1, 2), (1, 9), (2, 3), (3, 4), (4, 5), (6, 7), (7, 8), (8, 9)]
hc_c18h12_0pent_1 (2, 14):
    len(ac)=18
    len(ac_check)=30
    same=False
	edges: [(0, 1), (0, 5), (1, 2), (2, 3), (3, 4), (3, 17), (4, 5), (4, 6), (6, 7), (6, 11), (7, 8), (8, 9), (9, 10), (10, 11), (11, 12), (12, 13), (12, 17), (13, 14), (14, 15), (15, 16), (16, 17)]
	edges_check: [(0, 1), (0, 5), (0, 6), (1, 2), (1, 9), (2, 3), (2, 10), (3, 4), (3, 13), (4, 5), (4, 14), (5, 17), (6, 7), (7, 8), (8, 9), (10, 11), (11, 12), (12, 13), (14, 15), (15, 16), (16, 17)]
hc_c22h14_0pent_10 (5, 15):
    len(ac)=22
    len(ac_check)=36
    same=False
	edges: [(0, 1), (0, 5), (1, 2), (2, 3), (3, 4), (3, 21), (4, 5), (4, 6), (6, 7), (7, 8), (8, 9), (8, 21), (9, 10), (10, 11), (10, 19), (11, 12), (12, 13), (13, 14), (13, 18), (14, 15), (15, 16), (16, 17), (17, 18), (18, 19), (19, 20), (20, 21)]
	edges_check: [(0, 1), (0, 5), (0, 6), (1, 2), (1, 9), (2, 3), (3, 4), (3, 10), (4, 5), (4, 13), (6, 7), (6, 14), (7, 8), (7, 17), (8, 9), (10, 11), (11, 12), (12, 13), (12, 18), (13, 21), (14, 15), (15, 16), (16, 17), (18, 19), (19, 20), (20, 21)]
hc_c10h8_0pent_1 (0, 5):
    len(ac)=10
    len(ac_check)=18
    same=False
	edges: [(0, 1), (0, 9), (1, 2), (2, 3), (3, 4), (3, 8), (4, 5), (5, 6), (6, 7), (7, 8), (8, 9)]
	edges_check: [(0, 1), (0, 5), (0, 6), (1, 2), (1, 9), (2, 3), (3, 4), (4, 5), (6, 7), (7, 8), (8, 9)]
hc_c10h8_0pent_1 (0, 5):
    len(ac)=10
    len(ac_check)=18
    same=False
	edges: [(0, 1), (0, 9), (1, 2), (2, 3), (3, 4), (3, 8), (4, 5), (5, 6), (6, 7), (7, 8), (8, 9)]
	edges_check: [(0, 1), (0, 5), (0, 6), (1, 2), (1, 9), (2, 3), (3, 4), (4, 5), (6, 7), (7, 8), (8, 9)]
hc_c18h12_0pent_1 (2, 14):
    len(ac)=18
    len(ac_check)=30
    same=False
	edges: [(0, 1), (0, 5), (1, 2), (2, 3), (3, 4), (3, 17), (4, 5), (4, 6), (6, 7), (6, 11), (7, 8), (8, 9), (9, 10), (10, 11), (11, 12), (12, 13), (12, 17), (13, 14), (14, 15), (15, 16), (16, 17)]
	edges_check: [(0, 1), (0, 5), (0, 6), (1, 2), (1, 9), (2, 3), (2, 10), (3, 4), (3, 13), (4, 5), (4, 14), (5, 17), (6, 7), (7, 8), (8, 9), (10, 11), (11, 12), (12, 13), (14, 15), (15, 16), (16, 17)]
hc_c22h14_0pent_10 (5, 15):
    len(ac)=22
    len(ac_check)=36
    same=False
	edges: [(0, 1), (0, 5), (1, 2), (2, 3), (3, 4), (3, 21), (4, 5), (4, 6), (6, 7), (7, 8), (8, 9), (8, 21), (9, 10), (10, 11), (10, 19), (11, 12), (12, 13), (13, 14), (13, 18), (14, 15), (15, 16), (16, 17), (17, 18), (18, 19), (19, 20), (20, 21)]
	edges_check: [(0, 1), (0, 5), (0, 6), (1, 2), (1, 9), (2, 3), (3, 4), (3, 10), (4, 5), (4, 13), (6, 7), (6, 14), (7, 8), (7, 17), (8, 9), (10, 11), (11, 12), (12, 13), (12, 18), (13, 21), (14, 15), (15, 16), (16, 17), (18, 19), (19, 20), (20, 21)]
hc_c10h8_0pent_1 (0, 5):
    len(ac)=10
    len(ac_check)=18
    same=False
	edges: [(0, 1), (0, 9), (1, 2), (2, 3), (3, 4), (3, 8), (4, 5), (5, 6), (6, 7), (7, 8), (8, 9)]
	edges_check: [(0, 1), (0, 5), (0, 6), (1, 2), (1, 9), (2, 3), (3, 4), (4, 5), (6, 7), (7, 8), (8, 9)]
hc_c18h12_0pent_1 (2, 14):
    len(ac)=18
    len(ac_check)=30
    same=False
	edges: [(0, 1), (0, 5), (1, 2), (2, 3), (3, 4), (3, 17), (4, 5), (4, 6), (6, 7), (6, 11), (7, 8), (8, 9), (9, 10), (10, 11), (11, 12), (12, 13), (12, 17), (13, 14), (14, 15), (15, 16), (16, 17)]
	edges_check: [(0, 1), (0, 5), (0, 6), (1, 2), (1, 9), (2, 3), (2, 10), (3, 4), (3, 13), (4, 5), (4, 14), (5, 17), (6, 7), (7, 8), (8, 9), (10, 11), (11, 12), (12, 13), (14, 15), (15, 16), (16, 17)]
hc_c22h14_0pent_10 (5, 15):
    len(ac)=22
    len(ac_check)=36
    same=False
	edges: [(0, 1), (0, 5), (1, 2), (2, 3), (3, 4), (3, 21), (4, 5), (4, 6), (6, 7), (7, 8), (8, 9), (8, 21), (9, 10), (10, 11), (10, 19), (11, 12), (12, 13), (13, 14), (13, 18), (14, 15), (15, 16), (16, 17), (17, 18), (18, 19), (19, 20), (20, 21)]
	edges_check: [(0, 1), (0, 5), (0, 6), (1, 2), (1, 9), (2, 3), (3, 4), (3, 10), (4, 5), (4, 13), (6, 7), (6, 14), (7, 8), (7, 17), (8, 9), (10, 11), (11, 12), (12, 13), (12, 18), (13, 21), (14, 15), (15, 16), (16, 17), (18, 19), (19, 20), (20, 21)]
hc_c10h8_0pent_1 (0, 5):
    len(ac)=10
    len(ac_check)=18
    same=False
	edges: [(0, 1), (0, 9), (1, 2), (2, 3), (3, 4), (3, 8), (4, 5), (5, 6), (6, 7), (7, 8), (8, 9)]
	edges_check: [(0, 1), (0, 5), (0, 6), (1, 2), (1, 9), (2, 3), (3, 4), (4, 5), (6, 7), (7, 8), (8, 9)]
hc_c18h12_0pent_1 (2, 14):
    len(ac)=18
    len(ac_check)=30
    same=False
	edges: [(0, 1), (0, 5), (1, 2), (2, 3), (3, 4), (3, 17), (4, 5), (4, 6), (6, 7), (6, 11), (7, 8), (8, 9), (9, 10), (10, 11), (11, 12), (12, 13), (12, 17), (13, 14), (14, 15), (15, 16), (16, 17)]
	edges_check: [(0, 1), (0, 5), (0, 6), (1, 2), (1, 9), (2, 3), (2, 10), (3, 4), (3, 13), (4, 5), (4, 14), (5, 17), (6, 7), (7, 8), (8, 9), (10, 11), (11, 12), (12, 13), (14, 15), (15, 16), (16, 17)]
hc_c22h14_0pent_10 (5, 15):
    len(ac)=22
    len(ac_check)=36
    same=False
	edges: [(0, 1), (0, 5), (1, 2), (2, 3), (3, 4), (3, 21), (4, 5), (4, 6), (6, 7), (7, 8), (8, 9), (8, 21), (9, 10), (10, 11), (10, 19), (11, 12), (12, 13), (13, 14), (13, 18), (14, 15), (15, 16), (16, 17), (17, 18), (18, 19), (19, 20), (20, 21)]
	edges_check: [(0, 1), (0, 5), (0, 6), (1, 2), (1, 9), (2, 3), (3, 4), (3, 10), (4, 5), (4, 13), (6, 7), (6, 14), (7, 8), (7, 17), (8, 9), (10, 11), (11, 12), (12, 13), (12, 18), (13, 21), (14, 15), (15, 16), (16, 17), (18, 19), (19, 20), (20, 21)]
hc_c10h8_0pent_1 (0, 5):
    len(ac)=10
    len(ac_check)=18
    same=False
	edges: [(0, 1), (0, 9), (1, 2), (2, 3), (3, 4), (3, 8), (4, 5), (5, 6), (6, 7), (7, 8), (8, 9)]
	edges_check: [(0, 1), (0, 5), (0, 6), (1, 2), (1, 9), (2, 3), (3, 4), (4, 5), (6, 7), (7, 8), (8, 9)]
hc_c18h12_0pent_1 (2, 14):
    len(ac)=18
    len(ac_check)=30
    same=False
	edges: [(0, 1), (0, 5), (1, 2), (2, 3), (3, 4), (3, 17), (4, 5), (4, 6), (6, 7), (6, 11), (7, 8), (8, 9), (9, 10), (10, 11), (11, 12), (12, 13), (12, 17), (13, 14), (14, 15), (15, 16), (16, 17)]
	edges_check: [(0, 1), (0, 5), (0, 6), (1, 2), (1, 9), (2, 3), (2, 10), (3, 4), (3, 13), (4, 5), (4, 14), (5, 17), (6, 7), (7, 8), (8, 9), (10, 11), (11, 12), (12, 13), (14, 15), (15, 16), (16, 17)]
hc_c22h14_0pent_10 (5, 15):
    len(ac)=22
    len(ac_check)=36
    same=False
	edges: [(0, 1), (0, 5), (1, 2), (2, 3), (3, 4), (3, 21), (4, 5), (4, 6), (6, 7), (7, 8), (8, 9), (8, 21), (9, 10), (10, 11), (10, 19), (11, 12), (12, 13), (13, 14), (13, 18), (14, 15), (15, 16), (16, 17), (17, 18), (18, 19), (19, 20), (20, 21)]
	edges_check: [(0, 1), (0, 5), (0, 6), (1, 2), (1, 9), (2, 3), (3, 4), (3, 10), (4, 5), (4, 13), (6, 7), (6, 14), (7, 8), (7, 17), (8, 9), (10, 11), (11, 12), (12, 13), (12, 18), (13, 21), (14, 15), (15, 16), (16, 17), (18, 19), (19, 20), (20, 21)]
hc_c10h8_0pent_1 (0, 5):
    len(ac)=10
    len(ac_check)=18
    same=False
	edges: [(0, 1), (0, 9), (1, 2), (2, 3), (3, 4), (3, 8), (4, 5), (5, 6), (6, 7), (7, 8), (8, 9)]
	edges_check: [(0, 1), (0, 5), (0, 6), (1, 2), (1, 9), (2, 3), (3, 4), (4, 5), (6, 7), (7, 8), (8, 9)]
hc_c18h12_0pent_1 (2, 14):
    len(ac)=18
    len(ac_check)=30
    same=False
	edges: [(0, 1), (0, 5), (1, 2), (2, 3), (3, 4), (3, 17), (4, 5), (4, 6), (6, 7), (6, 11), (7, 8), (8, 9), (9, 10), (10, 11), (11, 12), (12, 13), (12, 17), (13, 14), (14, 15), (15, 16), (16, 17)]
	edges_check: [(0, 1), (0, 5), (0, 6), (1, 2), (1, 9), (2, 3), (2, 10), (3, 4), (3, 13), (4, 5), (4, 14), (5, 17), (6, 7), (7, 8), (8, 9), (10, 11), (11, 12), (12, 13), (14, 15), (15, 16), (16, 17)]
hc_c22h14_0pent_10 (5, 15):
    len(ac)=22
    len(ac_check)=36
    same=False
	edges: [(0, 1), (0, 5), (1, 2), (2, 3), (3, 4), (3, 21), (4, 5), (4, 6), (6, 7), (7, 8), (8, 9), (8, 21), (9, 10), (10, 11), (10, 19), (11, 12), (12, 13), (13, 14), (13, 18), (14, 15), (15, 16), (16, 17), (17, 18), (18, 19), (19, 20), (20, 21)]
	edges_check: [(0, 1), (0, 5), (0, 6), (1, 2), (1, 9), (2, 3), (3, 4), (3, 10), (4, 5), (4, 13), (6, 7), (6, 14), (7, 8), (7, 17), (8, 9), (10, 11), (11, 12), (12, 13), (12, 18), (13, 21), (14, 15), (15, 16), (16, 17), (18, 19), (19, 20), (20, 21)]
hc_c10h8_0pent_1 (0, 5):
    len(ac)=10
    len(ac_check)=18
    same=False
	edges: [(0, 1), (0, 9), (1, 2), (2, 3), (3, 4), (3, 8), (4, 5), (5, 6), (6, 7), (7, 8), (8, 9)]
	edges_check: [(0, 1), (0, 5), (0, 6), (1, 2), (1, 9), (2, 3), (3, 4), (4, 5), (6, 7), (7, 8), (8, 9)]
hc_c18h12_0pent_1 (2, 14):
    len(ac)=18
    len(ac_check)=30
    same=False
	edges: [(0, 1), (0, 5), (1, 2), (2, 3), (3, 4), (3, 17), (4, 5), (4, 6), (6, 7), (6, 11), (7, 8), (8, 9), (9, 10), (10, 11), (11, 12), (12, 13), (12, 17), (13, 14), (14, 15), (15, 16), (16, 17)]
	edges_check: [(0, 1), (0, 5), (0, 6), (1, 2), (1, 9), (2, 3), (2, 10), (3, 4), (3, 13), (4, 5), (4, 14), (5, 17), (6, 7), (7, 8), (8, 9), (10, 11), (11, 12), (12, 13), (14, 15), (15, 16), (16, 17)]
hc_c22h14_0pent_10 (5, 15):
    len(ac)=22
    len(ac_check)=36
    same=False
	edges: [(0, 1), (0, 5), (1, 2), (2, 3), (3, 4), (3, 21), (4, 5), (4, 6), (6, 7), (7, 8), (8, 9), (8, 21), (9, 10), (10, 11), (10, 19), (11, 12), (12, 13), (13, 14), (13, 18), (14, 15), (15, 16), (16, 17), (17, 18), (18, 19), (19, 20), (20, 21)]
	edges_check: [(0, 1), (0, 5), (0, 6), (1, 2), (1, 9), (2, 3), (3, 4), (3, 10), (4, 5), (4, 13), (6, 7), (6, 14), (7, 8), (7, 17), (8, 9), (10, 11), (11, 12), (12, 13), (12, 18), (13, 21), (14, 15), (15, 16), (16, 17), (18, 19), (19, 20), (20, 21)]
hc_c10h8_0pent_1 (0, 5):
    len(ac)=10
    len(ac_check)=18
    same=False
	edges: [(0, 1), (0, 9), (1, 2), (2, 3), (3, 4), (3, 8), (4, 5), (5, 6), (6, 7), (7, 8), (8, 9)]
	edges_check: [(0, 1), (0, 5), (0, 6), (1, 2), (1, 9), (2, 3), (3, 4), (4, 5), (6, 7), (7, 8), (8, 9)]
hc_c18h12_0pent_1 (2, 14):
    len(ac)=18
    len(ac_check)=30
    same=False
	edges: [(0, 1), (0, 5), (1, 2), (2, 3), (3, 4), (3, 17), (4, 5), (4, 6), (6, 7), (6, 11), (7, 8), (8, 9), (9, 10), (10, 11), (11, 12), (12, 13), (12, 17), (13, 14), (14, 15), (15, 16), (16, 17)]
	edges_check: [(0, 1), (0, 5), (0, 6), (1, 2), (1, 9), (2, 3), (2, 10), (3, 4), (3, 13), (4, 5), (4, 14), (5, 17), (6, 7), (7, 8), (8, 9), (10, 11), (11, 12), (12, 13), (14, 15), (15, 16), (16, 17)]
hc_c22h14_0pent_10 (5, 15):
    len(ac)=22
    len(ac_check)=36
    same=False
	edges: [(0, 1), (0, 5), (1, 2), (2, 3), (3, 4), (3, 21), (4, 5), (4, 6), (6, 7), (7, 8), (8, 9), (8, 21), (9, 10), (10, 11), (10, 19), (11, 12), (12, 13), (13, 14), (13, 18), (14, 15), (15, 16), (16, 17), (17, 18), (18, 19), (19, 20), (20, 21)]
	edges_check: [(0, 1), (0, 5), (0, 6), (1, 2), (1, 9), (2, 3), (3, 4), (3, 10), (4, 5), (4, 13), (6, 7), (6, 14), (7, 8), (7, 17), (8, 9), (10, 11), (11, 12), (12, 13), (12, 18), (13, 21), (14, 15), (15, 16), (16, 17), (18, 19), (19, 20), (20, 21)]
hc_c10h8_0pent_1 (0, 5):
    len(ac)=10
    len(ac_check)=18
    same=False
	edges: [(0, 1), (0, 9), (1, 2), (2, 3), (3, 4), (3, 8), (4, 5), (5, 6), (6, 7), (7, 8), (8, 9)]
	edges_check: [(0, 1), (0, 5), (0, 6), (1, 2), (1, 9), (2, 3), (3, 4), (4, 5), (6, 7), (7, 8), (8, 9)]
hc_c18h12_0pent_1 (2, 14):
    len(ac)=18
    len(ac_check)=30
    same=False
	edges: [(0, 1), (0, 5), (1, 2), (2, 3), (3, 4), (3, 17), (4, 5), (4, 6), (6, 7), (6, 11), (7, 8), (8, 9), (9, 10), (10, 11), (11, 12), (12, 13), (12, 17), (13, 14), (14, 15), (15, 16), (16, 17)]
	edges_check: [(0, 1), (0, 5), (0, 6), (1, 2), (1, 9), (2, 3), (2, 10), (3, 4), (3, 13), (4, 5), (4, 14), (5, 17), (6, 7), (7, 8), (8, 9), (10, 11), (11, 12), (12, 13), (14, 15), (15, 16), (16, 17)]
hc_c22h14_0pent_10 (5, 15):
    len(ac)=22
    len(ac_check)=36
    same=False
	edges: [(0, 1), (0, 5), (1, 2), (2, 3), (3, 4), (3, 21), (4, 5), (4, 6), (6, 7), (7, 8), (8, 9), (8, 21), (9, 10), (10, 11), (10, 19), (11, 12), (12, 13), (13, 14), (13, 18), (14, 15), (15, 16), (16, 17), (17, 18), (18, 19), (19, 20), (20, 21)]
	edges_check: [(0, 1), (0, 5), (0, 6), (1, 2), (1, 9), (2, 3), (3, 4), (3, 10), (4, 5), (4, 13), (6, 7), (6, 14), (7, 8), (7, 17), (8, 9), (10, 11), (11, 12), (12, 13), (12, 18), (13, 21), (14, 15), (15, 16), (16, 17), (18, 19), (19, 20), (20, 21)]
hc_c10h8_0pent_1 (0, 5):
    len(ac)=10
    len(ac_check)=18
    same=False
	edges: [(0, 1), (0, 9), (1, 2), (2, 3), (3, 4), (3, 8), (4, 5), (5, 6), (6, 7), (7, 8), (8, 9)]
	edges_check: [(0, 1), (0, 5), (0, 6), (1, 2), (1, 9), (2, 3), (3, 4), (4, 5), (6, 7), (7, 8), (8, 9)]
hc_c18h12_0pent_1 (2, 14):
    len(ac)=18
    len(ac_check)=30
    same=False
	edges: [(0, 1), (0, 5), (1, 2), (2, 3), (3, 4), (3, 17), (4, 5), (4, 6), (6, 7), (6, 11), (7, 8), (8, 9), (9, 10), (10, 11), (11, 12), (12, 13), (12, 17), (13, 14), (14, 15), (15, 16), (16, 17)]
	edges_check: [(0, 1), (0, 5), (0, 6), (1, 2), (1, 9), (2, 3), (2, 10), (3, 4), (3, 13), (4, 5), (4, 14), (5, 17), (6, 7), (7, 8), (8, 9), (10, 11), (11, 12), (12, 13), (14, 15), (15, 16), (16, 17)]
hc_c22h14_0pent_10 (5, 15):
    len(ac)=22
    len(ac_check)=36
    same=False
	edges: [(0, 1), (0, 5), (1, 2), (2, 3), (3, 4), (3, 21), (4, 5), (4, 6), (6, 7), (7, 8), (8, 9), (8, 21), (9, 10), (10, 11), (10, 19), (11, 12), (12, 13), (13, 14), (13, 18), (14, 15), (15, 16), (16, 17), (17, 18), (18, 19), (19, 20), (20, 21)]
	edges_check: [(0, 1), (0, 5), (0, 6), (1, 2), (1, 9), (2, 3), (3, 4), (3, 10), (4, 5), (4, 13), (6, 7), (6, 14), (7, 8), (7, 17), (8, 9), (10, 11), (11, 12), (12, 13), (12, 18), (13, 21), (14, 15), (15, 16), (16, 17), (18, 19), (19, 20), (20, 21)]
hc_c10h8_0pent_1 (0, 5):
    len(ac)=10
    len(ac_check)=18
    same=False
	edges: [(0, 1), (0, 9), (1, 2), (2, 3), (3, 4), (3, 8), (4, 5), (5, 6), (6, 7), (7, 8), (8, 9)]
	edges_check: [(0, 1), (0, 5), (0, 6), (1, 2), (1, 9), (2, 3), (3, 4), (4, 5), (6, 7), (7, 8), (8, 9)]
hc_c18h12_0pent_1 (2, 14):
    len(ac)=18
    len(ac_check)=30
    same=False
	edges: [(0, 1), (0, 5), (1, 2), (2, 3), (3, 4), (3, 17), (4, 5), (4, 6), (6, 7), (6, 11), (7, 8), (8, 9), (9, 10), (10, 11), (11, 12), (12, 13), (12, 17), (13, 14), (14, 15), (15, 16), (16, 17)]
	edges_check: [(0, 1), (0, 5), (0, 6), (1, 2), (1, 9), (2, 3), (2, 10), (3, 4), (3, 13), (4, 5), (4, 14), (5, 17), (6, 7), (7, 8), (8, 9), (10, 11), (11, 12), (12, 13), (14, 15), (15, 16), (16, 17)]
hc_c22h14_0pent_10 (5, 15):
    len(ac)=22
    len(ac_check)=36
    same=False
	edges: [(0, 1), (0, 5), (1, 2), (2, 3), (3, 4), (3, 21), (4, 5), (4, 6), (6, 7), (7, 8), (8, 9), (8, 21), (9, 10), (10, 11), (10, 19), (11, 12), (12, 13), (13, 14), (13, 18), (14, 15), (15, 16), (16, 17), (17, 18), (18, 19), (19, 20), (20, 21)]
	edges_check: [(0, 1), (0, 5), (0, 6), (1, 2), (1, 9), (2, 3), (3, 4), (3, 10), (4, 5), (4, 13), (6, 7), (6, 14), (7, 8), (7, 17), (8, 9), (10, 11), (11, 12), (12, 13), (12, 18), (13, 21), (14, 15), (15, 16), (16, 17), (18, 19), (19, 20), (20, 21)]
hc_c10h8_0pent_1 (0, 5):
    len(ac)=10
    len(ac_check)=18
    same=False
	edges: [(0, 1), (0, 9), (1, 2), (2, 3), (3, 4), (3, 8), (4, 5), (5, 6), (6, 7), (7, 8), (8, 9)]
	edges_check: [(0, 1), (0, 5), (0, 6), (1, 2), (1, 9), (2, 3), (3, 4), (4, 5), (6, 7), (7, 8), (8, 9)]
hc_c18h12_0pent_1 (2, 14):
    len(ac)=18
    len(ac_check)=30
    same=False
	edges: [(0, 1), (0, 5), (1, 2), (2, 3), (3, 4), (3, 17), (4, 5), (4, 6), (6, 7), (6, 11), (7, 8), (8, 9), (9, 10), (10, 11), (11, 12), (12, 13), (12, 17), (13, 14), (14, 15), (15, 16), (16, 17)]
	edges_check: [(0, 1), (0, 5), (0, 6), (1, 2), (1, 9), (2, 3), (2, 10), (3, 4), (3, 13), (4, 5), (4, 14), (5, 17), (6, 7), (7, 8), (8, 9), (10, 11), (11, 12), (12, 13), (14, 15), (15, 16), (16, 17)]
hc_c22h14_0pent_10 (5, 15):
    len(ac)=22
    len(ac_check)=36
    same=False
	edges: [(0, 1), (0, 5), (1, 2), (2, 3), (3, 4), (3, 21), (4, 5), (4, 6), (6, 7), (7, 8), (8, 9), (8, 21), (9, 10), (10, 11), (10, 19), (11, 12), (12, 13), (13, 14), (13, 18), (14, 15), (15, 16), (16, 17), (17, 18), (18, 19), (19, 20), (20, 21)]
	edges_check: [(0, 1), (0, 5), (0, 6), (1, 2), (1, 9), (2, 3), (3, 4), (3, 10), (4, 5), (4, 13), (6, 7), (6, 14), (7, 8), (7, 17), (8, 9), (10, 11), (11, 12), (12, 13), (12, 18), (13, 21), (14, 15), (15, 16), (16, 17), (18, 19), (19, 20), (20, 21)]
hc_c10h8_0pent_1 (0, 5):
    len(ac)=10
    len(ac_check)=18
    same=False
	edges: [(0, 1), (0, 9), (1, 2), (2, 3), (3, 4), (3, 8), (4, 5), (5, 6), (6, 7), (7, 8), (8, 9)]
	edges_check: [(0, 1), (0, 5), (0, 6), (1, 2), (1, 9), (2, 3), (3, 4), (4, 5), (6, 7), (7, 8), (8, 9)]
hc_c18h12_0pent_1 (2, 14):
    len(ac)=18
    len(ac_check)=30
    same=False
	edges: [(0, 1), (0, 5), (1, 2), (2, 3), (3, 4), (3, 17), (4, 5), (4, 6), (6, 7), (6, 11), (7, 8), (8, 9), (9, 10), (10, 11), (11, 12), (12, 13), (12, 17), (13, 14), (14, 15), (15, 16), (16, 17)]
	edges_check: [(0, 1), (0, 5), (0, 6), (1, 2), (1, 9), (2, 3), (2, 10), (3, 4), (3, 13), (4, 5), (4, 14), (5, 17), (6, 7), (7, 8), (8, 9), (10, 11), (11, 12), (12, 13), (14, 15), (15, 16), (16, 17)]
hc_c22h14_0pent_10 (5, 15):
    len(ac)=22
    len(ac_check)=36
    same=False
	edges: [(0, 1), (0, 5), (1, 2), (2, 3), (3, 4), (3, 21), (4, 5), (4, 6), (6, 7), (7, 8), (8, 9), (8, 21), (9, 10), (10, 11), (10, 19), (11, 12), (12, 13), (13, 14), (13, 18), (14, 15), (15, 16), (16, 17), (17, 18), (18, 19), (19, 20), (20, 21)]
	edges_check: [(0, 1), (0, 5), (0, 6), (1, 2), (1, 9), (2, 3), (3, 4), (3, 10), (4, 5), (4, 13), (6, 7), (6, 14), (7, 8), (7, 17), (8, 9), (10, 11), (11, 12), (12, 13), (12, 18), (13, 21), (14, 15), (15, 16), (16, 17), (18, 19), (19, 20), (20, 21)]
hc_c10h8_0pent_1 (0, 5):
    len(ac)=10
    len(ac_check)=18
    same=False
	edges: [(0, 1), (0, 9), (1, 2), (2, 3), (3, 4), (3, 8), (4, 5), (5, 6), (6, 7), (7, 8), (8, 9)]
	edges_check: [(0, 1), (0, 5), (0, 6), (1, 2), (1, 9), (2, 3), (3, 4), (4, 5), (6, 7), (7, 8), (8, 9)]
hc_c18h12_0pent_1 (2, 14):
    len(ac)=18
    len(ac_check)=30
    same=False
	edges: [(0, 1), (0, 5), (1, 2), (2, 3), (3, 4), (3, 17), (4, 5), (4, 6), (6, 7), (6, 11), (7, 8), (8, 9), (9, 10), (10, 11), (11, 12), (12, 13), (12, 17), (13, 14), (14, 15), (15, 16), (16, 17)]
	edges_check: [(0, 1), (0, 5), (0, 6), (1, 2), (1, 9), (2, 3), (2, 10), (3, 4), (3, 13), (4, 5), (4, 14), (5, 17), (6, 7), (7, 8), (8, 9), (10, 11), (11, 12), (12, 13), (14, 15), (15, 16), (16, 17)]
hc_c22h14_0pent_10 (5, 15):
    len(ac)=22
    len(ac_check)=36
    same=False
	edges: [(0, 1), (0, 5), (1, 2), (2, 3), (3, 4), (3, 21), (4, 5), (4, 6), (6, 7), (7, 8), (8, 9), (8, 21), (9, 10), (10, 11), (10, 19), (11, 12), (12, 13), (13, 14), (13, 18), (14, 15), (15, 16), (16, 17), (17, 18), (18, 19), (19, 20), (20, 21)]
	edges_check: [(0, 1), (0, 5), (0, 6), (1, 2), (1, 9), (2, 3), (3, 4), (3, 10), (4, 5), (4, 13), (6, 7), (6, 14), (7, 8), (7, 17), (8, 9), (10, 11), (11, 12), (12, 13), (12, 18), (13, 21), (14, 15), (15, 16), (16, 17), (18, 19), (19, 20), (20, 21)]
hc_c10h8_0pent_1 (0, 5):
    len(ac)=10
    len(ac_check)=18
    same=False
	edges: [(0, 1), (0, 9), (1, 2), (2, 3), (3, 4), (3, 8), (4, 5), (5, 6), (6, 7), (7, 8), (8, 9)]
	edges_check: [(0, 1), (0, 5), (0, 6), (1, 2), (1, 9), (2, 3), (3, 4), (4, 5), (6, 7), (7, 8), (8, 9)]
hc_c18h12_0pent_1 (2, 14):
    len(ac)=18
    len(ac_check)=30
    same=False
	edges: [(0, 1), (0, 5), (1, 2), (2, 3), (3, 4), (3, 17), (4, 5), (4, 6), (6, 7), (6, 11), (7, 8), (8, 9), (9, 10), (10, 11), (11, 12), (12, 13), (12, 17), (13, 14), (14, 15), (15, 16), (16, 17)]
	edges_check: [(0, 1), (0, 5), (0, 6), (1, 2), (1, 9), (2, 3), (2, 10), (3, 4), (3, 13), (4, 5), (4, 14), (5, 17), (6, 7), (7, 8), (8, 9), (10, 11), (11, 12), (12, 13), (14, 15), (15, 16), (16, 17)]
hc_c22h14_0pent_10 (5, 15):
    len(ac)=22
    len(ac_check)=36
    same=False
	edges: [(0, 1), (0, 5), (1, 2), (2, 3), (3, 4), (3, 21), (4, 5), (4, 6), (6, 7), (7, 8), (8, 9), (8, 21), (9, 10), (10, 11), (10, 19), (11, 12), (12, 13), (13, 14), (13, 18), (14, 15), (15, 16), (16, 17), (17, 18), (18, 19), (19, 20), (20, 21)]
	edges_check: [(0, 1), (0, 5), (0, 6), (1, 2), (1, 9), (2, 3), (3, 4), (3, 10), (4, 5), (4, 13), (6, 7), (6, 14), (7, 8), (7, 17), (8, 9), (10, 11), (11, 12), (12, 13), (12, 18), (13, 21), (14, 15), (15, 16), (16, 17), (18, 19), (19, 20), (20, 21)]
hc_c10h8_0pent_1 (0, 5):
    len(ac)=10
    len(ac_check)=18
    same=False
	edges: [(0, 1), (0, 9), (1, 2), (2, 3), (3, 4), (3, 8), (4, 5), (5, 6), (6, 7), (7, 8), (8, 9)]
	edges_check: [(0, 1), (0, 5), (0, 6), (1, 2), (1, 9), (2, 3), (3, 4), (4, 5), (6, 7), (7, 8), (8, 9)]
hc_c18h12_0pent_1 (2, 14):
    len(ac)=18
    len(ac_check)=30
    same=False
	edges: [(0, 1), (0, 5), (1, 2), (2, 3), (3, 4), (3, 17), (4, 5), (4, 6), (6, 7), (6, 11), (7, 8), (8, 9), (9, 10), (10, 11), (11, 12), (12, 13), (12, 17), (13, 14), (14, 15), (15, 16), (16, 17)]
	edges_check: [(0, 1), (0, 5), (0, 6), (1, 2), (1, 9), (2, 3), (2, 10), (3, 4), (3, 13), (4, 5), (4, 14), (5, 17), (6, 7), (7, 8), (8, 9), (10, 11), (11, 12), (12, 13), (14, 15), (15, 16), (16, 17)]
hc_c22h14_0pent_10 (5, 15):
    len(ac)=22
    len(ac_check)=36
    same=False
	edges: [(0, 1), (0, 5), (1, 2), (2, 3), (3, 4), (3, 21), (4, 5), (4, 6), (6, 7), (7, 8), (8, 9), (8, 21), (9, 10), (10, 11), (10, 19), (11, 12), (12, 13), (13, 14), (13, 18), (14, 15), (15, 16), (16, 17), (17, 18), (18, 19), (19, 20), (20, 21)]
	edges_check: [(0, 1), (0, 5), (0, 6), (1, 2), (1, 9), (2, 3), (3, 4), (3, 10), (4, 5), (4, 13), (6, 7), (6, 14), (7, 8), (7, 17), (8, 9), (10, 11), (11, 12), (12, 13), (12, 18), (13, 21), (14, 15), (15, 16), (16, 17), (18, 19), (19, 20), (20, 21)]
hc_c10h8_0pent_1 (0, 5):
    len(ac)=10
    len(ac_check)=18
    same=False
	edges: [(0, 1), (0, 9), (1, 2), (2, 3), (3, 4), (3, 8), (4, 5), (5, 6), (6, 7), (7, 8), (8, 9)]
	edges_check: [(0, 1), (0, 5), (0, 6), (1, 2), (1, 9), (2, 3), (3, 4), (4, 5), (6, 7), (7, 8), (8, 9)]
hc_c18h12_0pent_1 (2, 14):
    len(ac)=18
    len(ac_check)=30
    same=False
	edges: [(0, 1), (0, 5), (1, 2), (2, 3), (3, 4), (3, 17), (4, 5), (4, 6), (6, 7), (6, 11), (7, 8), (8, 9), (9, 10), (10, 11), (11, 12), (12, 13), (12, 17), (13, 14), (14, 15), (15, 16), (16, 17)]
	edges_check: [(0, 1), (0, 5), (0, 6), (1, 2), (1, 9), (2, 3), (2, 10), (3, 4), (3, 13), (4, 5), (4, 14), (5, 17), (6, 7), (7, 8), (8, 9), (10, 11), (11, 12), (12, 13), (14, 15), (15, 16), (16, 17)]
hc_c22h14_0pent_10 (5, 15):
    len(ac)=22
    len(ac_check)=36
    same=False
	edges: [(0, 1), (0, 5), (1, 2), (2, 3), (3, 4), (3, 21), (4, 5), (4, 6), (6, 7), (7, 8), (8, 9), (8, 21), (9, 10), (10, 11), (10, 19), (11, 12), (12, 13), (13, 14), (13, 18), (14, 15), (15, 16), (16, 17), (17, 18), (18, 19), (19, 20), (20, 21)]
	edges_check: [(0, 1), (0, 5), (0, 6), (1, 2), (1, 9), (2, 3), (3, 4), (3, 10), (4, 5), (4, 13), (6, 7), (6, 14), (7, 8), (7, 17), (8, 9), (10, 11), (11, 12), (12, 13), (12, 18), (13, 21), (14, 15), (15, 16), (16, 17), (18, 19), (19, 20), (20, 21)]
hc_c10h8_0pent_1 (0, 5):
    len(ac)=10
    len(ac_check)=18
    same=False
	edges: [(0, 1), (0, 9), (1, 2), (2, 3), (3, 4), (3, 8), (4, 5), (5, 6), (6, 7), (7, 8), (8, 9)]
	edges_check: [(0, 1), (0, 5), (0, 6), (1, 2), (1, 9), (2, 3), (3, 4), (4, 5), (6, 7), (7, 8), (8, 9)]
hc_c18h12_0pent_1 (2, 14):
    len(ac)=18
    len(ac_check)=30
    same=False
	edges: [(0, 1), (0, 5), (1, 2), (2, 3), (3, 4), (3, 17), (4, 5), (4, 6), (6, 7), (6, 11), (7, 8), (8, 9), (9, 10), (10, 11), (11, 12), (12, 13), (12, 17), (13, 14), (14, 15), (15, 16), (16, 17)]
	edges_check: [(0, 1), (0, 5), (0, 6), (1, 2), (1, 9), (2, 3), (2, 10), (3, 4), (3, 13), (4, 5), (4, 14), (5, 17), (6, 7), (7, 8), (8, 9), (10, 11), (11, 12), (12, 13), (14, 15), (15, 16), (16, 17)]
hc_c22h14_0pent_10 (5, 15):
    len(ac)=22
    len(ac_check)=36
    same=False
	edges: [(0, 1), (0, 5), (1, 2), (2, 3), (3, 4), (3, 21), (4, 5), (4, 6), (6, 7), (7, 8), (8, 9), (8, 21), (9, 10), (10, 11), (10, 19), (11, 12), (12, 13), (13, 14), (13, 18), (14, 15), (15, 16), (16, 17), (17, 18), (18, 19), (19, 20), (20, 21)]
	edges_check: [(0, 1), (0, 5), (0, 6), (1, 2), (1, 9), (2, 3), (3, 4), (3, 10), (4, 5), (4, 13), (6, 7), (6, 14), (7, 8), (7, 17), (8, 9), (10, 11), (11, 12), (12, 13), (12, 18), (13, 21), (14, 15), (15, 16), (16, 17), (18, 19), (19, 20), (20, 21)]
hc_c10h8_0pent_1 (0, 5):
    len(ac)=10
    len(ac_check)=18
    same=False
	edges: [(0, 1), (0, 9), (1, 2), (2, 3), (3, 4), (3, 8), (4, 5), (5, 6), (6, 7), (7, 8), (8, 9)]
	edges_check: [(0, 1), (0, 5), (0, 6), (1, 2), (1, 9), (2, 3), (3, 4), (4, 5), (6, 7), (7, 8), (8, 9)]
hc_c18h12_0pent_1 (2, 14):
    len(ac)=18
    len(ac_check)=30
    same=False
	edges: [(0, 1), (0, 5), (1, 2), (2, 3), (3, 4), (3, 17), (4, 5), (4, 6), (6, 7), (6, 11), (7, 8), (8, 9), (9, 10), (10, 11), (11, 12), (12, 13), (12, 17), (13, 14), (14, 15), (15, 16), (16, 17)]
	edges_check: [(0, 1), (0, 5), (0, 6), (1, 2), (1, 9), (2, 3), (2, 10), (3, 4), (3, 13), (4, 5), (4, 14), (5, 17), (6, 7), (7, 8), (8, 9), (10, 11), (11, 12), (12, 13), (14, 15), (15, 16), (16, 17)]
hc_c22h14_0pent_10 (5, 15):
    len(ac)=22
    len(ac_check)=36
    same=False
	edges: [(0, 1), (0, 5), (1, 2), (2, 3), (3, 4), (3, 21), (4, 5), (4, 6), (6, 7), (7, 8), (8, 9), (8, 21), (9, 10), (10, 11), (10, 19), (11, 12), (12, 13), (13, 14), (13, 18), (14, 15), (15, 16), (16, 17), (17, 18), (18, 19), (19, 20), (20, 21)]
	edges_check: [(0, 1), (0, 5), (0, 6), (1, 2), (1, 9), (2, 3), (3, 4), (3, 10), (4, 5), (4, 13), (6, 7), (6, 14), (7, 8), (7, 17), (8, 9), (10, 11), (11, 12), (12, 13), (12, 18), (13, 21), (14, 15), (15, 16), (16, 17), (18, 19), (19, 20), (20, 21)]
hc_c10h8_0pent_1 (0, 5):
    len(ac)=10
    len(ac_check)=18
    same=False
	edges: [(0, 1), (0, 9), (1, 2), (2, 3), (3, 4), (3, 8), (4, 5), (5, 6), (6, 7), (7, 8), (8, 9)]
	edges_check: [(0, 1), (0, 5), (0, 6), (1, 2), (1, 9), (2, 3), (3, 4), (4, 5), (6, 7), (7, 8), (8, 9)]
hc_c18h12_0pent_1 (2, 14):
    len(ac)=18
    len(ac_check)=30
    same=False
	edges: [(0, 1), (0, 5), (1, 2), (2, 3), (3, 4), (3, 17), (4, 5), (4, 6), (6, 7), (6, 11), (7, 8), (8, 9), (9, 10), (10, 11), (11, 12), (12, 13), (12, 17), (13, 14), (14, 15), (15, 16), (16, 17)]
	edges_check: [(0, 1), (0, 5), (0, 6), (1, 2), (1, 9), (2, 3), (2, 10), (3, 4), (3, 13), (4, 5), (4, 14), (5, 17), (6, 7), (7, 8), (8, 9), (10, 11), (11, 12), (12, 13), (14, 15), (15, 16), (16, 17)]
hc_c22h14_0pent_10 (5, 15):
    len(ac)=22
    len(ac_check)=36
    same=False
	edges: [(0, 1), (0, 5), (1, 2), (2, 3), (3, 4), (3, 21), (4, 5), (4, 6), (6, 7), (7, 8), (8, 9), (8, 21), (9, 10), (10, 11), (10, 19), (11, 12), (12, 13), (13, 14), (13, 18), (14, 15), (15, 16), (16, 17), (17, 18), (18, 19), (19, 20), (20, 21)]
	edges_check: [(0, 1), (0, 5), (0, 6), (1, 2), (1, 9), (2, 3), (3, 4), (3, 10), (4, 5), (4, 13), (6, 7), (6, 14), (7, 8), (7, 17), (8, 9), (10, 11), (11, 12), (12, 13), (12, 18), (13, 21), (14, 15), (15, 16), (16, 17), (18, 19), (19, 20), (20, 21)]
hc_c10h8_0pent_1 (0, 5):
    len(ac)=10
    len(ac_check)=18
    same=False
	edges: [(0, 1), (0, 9), (1, 2), (2, 3), (3, 4), (3, 8), (4, 5), (5, 6), (6, 7), (7, 8), (8, 9)]
	edges_check: [(0, 1), (0, 5), (0, 6), (1, 2), (1, 9), (2, 3), (3, 4), (4, 5), (6, 7), (7, 8), (8, 9)]
hc_c18h12_0pent_1 (2, 14):
    len(ac)=18
    len(ac_check)=30
    same=False
	edges: [(0, 1), (0, 5), (1, 2), (2, 3), (3, 4), (3, 17), (4, 5), (4, 6), (6, 7), (6, 11), (7, 8), (8, 9), (9, 10), (10, 11), (11, 12), (12, 13), (12, 17), (13, 14), (14, 15), (15, 16), (16, 17)]
	edges_check: [(0, 1), (0, 5), (0, 6), (1, 2), (1, 9), (2, 3), (2, 10), (3, 4), (3, 13), (4, 5), (4, 14), (5, 17), (6, 7), (7, 8), (8, 9), (10, 11), (11, 12), (12, 13), (14, 15), (15, 16), (16, 17)]
hc_c22h14_0pent_10 (5, 15):
    len(ac)=22
    len(ac_check)=36
    same=False
	edges: [(0, 1), (0, 5), (1, 2), (2, 3), (3, 4), (3, 21), (4, 5), (4, 6), (6, 7), (7, 8), (8, 9), (8, 21), (9, 10), (10, 11), (10, 19), (11, 12), (12, 13), (13, 14), (13, 18), (14, 15), (15, 16), (16, 17), (17, 18), (18, 19), (19, 20), (20, 21)]
	edges_check: [(0, 1), (0, 5), (0, 6), (1, 2), (1, 9), (2, 3), (3, 4), (3, 10), (4, 5), (4, 13), (6, 7), (6, 14), (7, 8), (7, 17), (8, 9), (10, 11), (11, 12), (12, 13), (12, 18), (13, 21), (14, 15), (15, 16), (16, 17), (18, 19), (19, 20), (20, 21)]
hc_c10h8_0pent_1 (0, 5):
    len(ac)=10
    len(ac_check)=18
    same=False
	edges: [(0, 1), (0, 9), (1, 2), (2, 3), (3, 4), (3, 8), (4, 5), (5, 6), (6, 7), (7, 8), (8, 9)]
	edges_check: [(0, 1), (0, 5), (0, 6), (1, 2), (1, 9), (2, 3), (3, 4), (4, 5), (6, 7), (7, 8), (8, 9)]
hc_c18h12_0pent_1 (2, 14):
    len(ac)=18
    len(ac_check)=30
    same=False
	edges: [(0, 1), (0, 5), (1, 2), (2, 3), (3, 4), (3, 17), (4, 5), (4, 6), (6, 7), (6, 11), (7, 8), (8, 9), (9, 10), (10, 11), (11, 12), (12, 13), (12, 17), (13, 14), (14, 15), (15, 16), (16, 17)]
	edges_check: [(0, 1), (0, 5), (0, 6), (1, 2), (1, 9), (2, 3), (2, 10), (3, 4), (3, 13), (4, 5), (4, 14), (5, 17), (6, 7), (7, 8), (8, 9), (10, 11), (11, 12), (12, 13), (14, 15), (15, 16), (16, 17)]
hc_c22h14_0pent_10 (5, 15):
    len(ac)=22
    len(ac_check)=36
    same=False
	edges: [(0, 1), (0, 5), (1, 2), (2, 3), (3, 4), (3, 21), (4, 5), (4, 6), (6, 7), (7, 8), (8, 9), (8, 21), (9, 10), (10, 11), (10, 19), (11, 12), (12, 13), (13, 14), (13, 18), (14, 15), (15, 16), (16, 17), (17, 18), (18, 19), (19, 20), (20, 21)]
	edges_check: [(0, 1), (0, 5), (0, 6), (1, 2), (1, 9), (2, 3), (3, 4), (3, 10), (4, 5), (4, 13), (6, 7), (6, 14), (7, 8), (7, 17), (8, 9), (10, 11), (11, 12), (12, 13), (12, 18), (13, 21), (14, 15), (15, 16), (16, 17), (18, 19), (19, 20), (20, 21)]
hc_c10h8_0pent_1 (0, 5):
    len(ac)=10
    len(ac_check)=18
    same=False
	edges: [(0, 1), (0, 9), (1, 2), (2, 3), (3, 4), (3, 8), (4, 5), (5, 6), (6, 7), (7, 8), (8, 9)]
	edges_check: [(0, 1), (0, 5), (0, 6), (1, 2), (1, 9), (2, 3), (3, 4), (4, 5), (6, 7), (7, 8), (8, 9)]
hc_c18h12_0pent_1 (2, 14):
    len(ac)=18
    len(ac_check)=30
    same=False
	edges: [(0, 1), (0, 5), (1, 2), (2, 3), (3, 4), (3, 17), (4, 5), (4, 6), (6, 7), (6, 11), (7, 8), (8, 9), (9, 10), (10, 11), (11, 12), (12, 13), (12, 17), (13, 14), (14, 15), (15, 16), (16, 17)]
	edges_check: [(0, 1), (0, 5), (0, 6), (1, 2), (1, 9), (2, 3), (2, 10), (3, 4), (3, 13), (4, 5), (4, 14), (5, 17), (6, 7), (7, 8), (8, 9), (10, 11), (11, 12), (12, 13), (14, 15), (15, 16), (16, 17)]
hc_c22h14_0pent_10 (5, 15):
    len(ac)=22
    len(ac_check)=36
    same=False
	edges: [(0, 1), (0, 5), (1, 2), (2, 3), (3, 4), (3, 21), (4, 5), (4, 6), (6, 7), (7, 8), (8, 9), (8, 21), (9, 10), (10, 11), (10, 19), (11, 12), (12, 13), (13, 14), (13, 18), (14, 15), (15, 16), (16, 17), (17, 18), (18, 19), (19, 20), (20, 21)]
	edges_check: [(0, 1), (0, 5), (0, 6), (1, 2), (1, 9), (2, 3), (3, 4), (3, 10), (4, 5), (4, 13), (6, 7), (6, 14), (7, 8), (7, 17), (8, 9), (10, 11), (11, 12), (12, 13), (12, 18), (13, 21), (14, 15), (15, 16), (16, 17), (18, 19), (19, 20), (20, 21)]
hc_c10h8_0pent_1 (0, 5):
    len(ac)=10
    len(ac_check)=18
    same=False
	edges: [(0, 1), (0, 9), (1, 2), (2, 3), (3, 4), (3, 8), (4, 5), (5, 6), (6, 7), (7, 8), (8, 9)]
	edges_check: [(0, 1), (0, 5), (0, 6), (1, 2), (1, 9), (2, 3), (3, 4), (4, 5), (6, 7), (7, 8), (8, 9)]
hc_c18h12_0pent_1 (2, 14):
    len(ac)=18
    len(ac_check)=30
    same=False
	edges: [(0, 1), (0, 5), (1, 2), (2, 3), (3, 4), (3, 17), (4, 5), (4, 6), (6, 7), (6, 11), (7, 8), (8, 9), (9, 10), (10, 11), (11, 12), (12, 13), (12, 17), (13, 14), (14, 15), (15, 16), (16, 17)]
	edges_check: [(0, 1), (0, 5), (0, 6), (1, 2), (1, 9), (2, 3), (2, 10), (3, 4), (3, 13), (4, 5), (4, 14), (5, 17), (6, 7), (7, 8), (8, 9), (10, 11), (11, 12), (12, 13), (14, 15), (15, 16), (16, 17)]
hc_c22h14_0pent_10 (5, 15):
    len(ac)=22
    len(ac_check)=36
    same=False
	edges: [(0, 1), (0, 5), (1, 2), (2, 3), (3, 4), (3, 21), (4, 5), (4, 6), (6, 7), (7, 8), (8, 9), (8, 21), (9, 10), (10, 11), (10, 19), (11, 12), (12, 13), (13, 14), (13, 18), (14, 15), (15, 16), (16, 17), (17, 18), (18, 19), (19, 20), (20, 21)]
	edges_check: [(0, 1), (0, 5), (0, 6), (1, 2), (1, 9), (2, 3), (3, 4), (3, 10), (4, 5), (4, 13), (6, 7), (6, 14), (7, 8), (7, 17), (8, 9), (10, 11), (11, 12), (12, 13), (12, 18), (13, 21), (14, 15), (15, 16), (16, 17), (18, 19), (19, 20), (20, 21)]
hc_c10h8_0pent_1 (0, 5):
    len(ac)=10
    len(ac_check)=18
    same=False
	edges: [(0, 1), (0, 9), (1, 2), (2, 3), (3, 4), (3, 8), (4, 5), (5, 6), (6, 7), (7, 8), (8, 9)]
	edges_check: [(0, 1), (0, 5), (0, 6), (1, 2), (1, 9), (2, 3), (3, 4), (4, 5), (6, 7), (7, 8), (8, 9)]
hc_c18h12_0pent_1 (2, 14):
    len(ac)=18
    len(ac_check)=30
    same=False
	edges: [(0, 1), (0, 5), (1, 2), (2, 3), (3, 4), (3, 17), (4, 5), (4, 6), (6, 7), (6, 11), (7, 8), (8, 9), (9, 10), (10, 11), (11, 12), (12, 13), (12, 17), (13, 14), (14, 15), (15, 16), (16, 17)]
	edges_check: [(0, 1), (0, 5), (0, 6), (1, 2), (1, 9), (2, 3), (2, 10), (3, 4), (3, 13), (4, 5), (4, 14), (5, 17), (6, 7), (7, 8), (8, 9), (10, 11), (11, 12), (12, 13), (14, 15), (15, 16), (16, 17)]
hc_c22h14_0pent_10 (5, 15):
    len(ac)=22
    len(ac_check)=36
    same=False
	edges: [(0, 1), (0, 5), (1, 2), (2, 3), (3, 4), (3, 21), (4, 5), (4, 6), (6, 7), (7, 8), (8, 9), (8, 21), (9, 10), (10, 11), (10, 19), (11, 12), (12, 13), (13, 14), (13, 18), (14, 15), (15, 16), (16, 17), (17, 18), (18, 19), (19, 20), (20, 21)]
	edges_check: [(0, 1), (0, 5), (0, 6), (1, 2), (1, 9), (2, 3), (3, 4), (3, 10), (4, 5), (4, 13), (6, 7), (6, 14), (7, 8), (7, 17), (8, 9), (10, 11), (11, 12), (12, 13), (12, 18), (13, 21), (14, 15), (15, 16), (16, 17), (18, 19), (19, 20), (20, 21)]
hc_c10h8_0pent_1 (0, 5):
    len(ac)=10
    len(ac_check)=18
    same=False
	edges: [(0, 1), (0, 9), (1, 2), (2, 3), (3, 4), (3, 8), (4, 5), (5, 6), (6, 7), (7, 8), (8, 9)]
	edges_check: [(0, 1), (0, 5), (0, 6), (1, 2), (1, 9), (2, 3), (3, 4), (4, 5), (6, 7), (7, 8), (8, 9)]
hc_c18h12_0pent_1 (2, 14):
    len(ac)=18
    len(ac_check)=30
    same=False
	edges: [(0, 1), (0, 5), (1, 2), (2, 3), (3, 4), (3, 17), (4, 5), (4, 6), (6, 7), (6, 11), (7, 8), (8, 9), (9, 10), (10, 11), (11, 12), (12, 13), (12, 17), (13, 14), (14, 15), (15, 16), (16, 17)]
	edges_check: [(0, 1), (0, 5), (0, 6), (1, 2), (1, 9), (2, 3), (2, 10), (3, 4), (3, 13), (4, 5), (4, 14), (5, 17), (6, 7), (7, 8), (8, 9), (10, 11), (11, 12), (12, 13), (14, 15), (15, 16), (16, 17)]
hc_c22h14_0pent_10 (5, 15):
    len(ac)=22
    len(ac_check)=36
    same=False
	edges: [(0, 1), (0, 5), (1, 2), (2, 3), (3, 4), (3, 21), (4, 5), (4, 6), (6, 7), (7, 8), (8, 9), (8, 21), (9, 10), (10, 11), (10, 19), (11, 12), (12, 13), (13, 14), (13, 18), (14, 15), (15, 16), (16, 17), (17, 18), (18, 19), (19, 20), (20, 21)]
	edges_check: [(0, 1), (0, 5), (0, 6), (1, 2), (1, 9), (2, 3), (3, 4), (3, 10), (4, 5), (4, 13), (6, 7), (6, 14), (7, 8), (7, 17), (8, 9), (10, 11), (11, 12), (12, 13), (12, 18), (13, 21), (14, 15), (15, 16), (16, 17), (18, 19), (19, 20), (20, 21)]
hc_c10h8_0pent_1 (0, 5):
    len(ac)=10
    len(ac_check)=18
    same=False
	edges: [(0, 1), (0, 9), (1, 2), (2, 3), (3, 4), (3, 8), (4, 5), (5, 6), (6, 7), (7, 8), (8, 9)]
	edges_check: [(0, 1), (0, 5), (0, 6), (1, 2), (1, 9), (2, 3), (3, 4), (4, 5), (6, 7), (7, 8), (8, 9)]
hc_c18h12_0pent_1 (2, 14):
    len(ac)=18
    len(ac_check)=30
    same=False
	edges: [(0, 1), (0, 5), (1, 2), (2, 3), (3, 4), (3, 17), (4, 5), (4, 6), (6, 7), (6, 11), (7, 8), (8, 9), (9, 10), (10, 11), (11, 12), (12, 13), (12, 17), (13, 14), (14, 15), (15, 16), (16, 17)]
	edges_check: [(0, 1), (0, 5), (0, 6), (1, 2), (1, 9), (2, 3), (2, 10), (3, 4), (3, 13), (4, 5), (4, 14), (5, 17), (6, 7), (7, 8), (8, 9), (10, 11), (11, 12), (12, 13), (14, 15), (15, 16), (16, 17)]
hc_c22h14_0pent_10 (5, 15):
    len(ac)=22
    len(ac_check)=36
    same=False
	edges: [(0, 1), (0, 5), (1, 2), (2, 3), (3, 4), (3, 21), (4, 5), (4, 6), (6, 7), (7, 8), (8, 9), (8, 21), (9, 10), (10, 11), (10, 19), (11, 12), (12, 13), (13, 14), (13, 18), (14, 15), (15, 16), (16, 17), (17, 18), (18, 19), (19, 20), (20, 21)]
	edges_check: [(0, 1), (0, 5), (0, 6), (1, 2), (1, 9), (2, 3), (3, 4), (3, 10), (4, 5), (4, 13), (6, 7), (6, 14), (7, 8), (7, 17), (8, 9), (10, 11), (11, 12), (12, 13), (12, 18), (13, 21), (14, 15), (15, 16), (16, 17), (18, 19), (19, 20), (20, 21)]
hc_c10h8_0pent_1 (0, 5):
    len(ac)=10
    len(ac_check)=18
    same=False
	edges: [(0, 1), (0, 9), (1, 2), (2, 3), (3, 4), (3, 8), (4, 5), (5, 6), (6, 7), (7, 8), (8, 9)]
	edges_check: [(0, 1), (0, 5), (0, 6), (1, 2), (1, 9), (2, 3), (3, 4), (4, 5), (6, 7), (7, 8), (8, 9)]
hc_c18h12_0pent_1 (2, 14):
    len(ac)=18
    len(ac_check)=30
    same=False
	edges: [(0, 1), (0, 5), (1, 2), (2, 3), (3, 4), (3, 17), (4, 5), (4, 6), (6, 7), (6, 11), (7, 8), (8, 9), (9, 10), (10, 11), (11, 12), (12, 13), (12, 17), (13, 14), (14, 15), (15, 16), (16, 17)]
	edges_check: [(0, 1), (0, 5), (0, 6), (1, 2), (1, 9), (2, 3), (2, 10), (3, 4), (3, 13), (4, 5), (4, 14), (5, 17), (6, 7), (7, 8), (8, 9), (10, 11), (11, 12), (12, 13), (14, 15), (15, 16), (16, 17)]
hc_c22h14_0pent_10 (5, 15):
    len(ac)=22
    len(ac_check)=36
    same=False
	edges: [(0, 1), (0, 5), (1, 2), (2, 3), (3, 4), (3, 21), (4, 5), (4, 6), (6, 7), (7, 8), (8, 9), (8, 21), (9, 10), (10, 11), (10, 19), (11, 12), (12, 13), (13, 14), (13, 18), (14, 15), (15, 16), (16, 17), (17, 18), (18, 19), (19, 20), (20, 21)]
	edges_check: [(0, 1), (0, 5), (0, 6), (1, 2), (1, 9), (2, 3), (3, 4), (3, 10), (4, 5), (4, 13), (6, 7), (6, 14), (7, 8), (7, 17), (8, 9), (10, 11), (11, 12), (12, 13), (12, 18), (13, 21), (14, 15), (15, 16), (16, 17), (18, 19), (19, 20), (20, 21)]
hc_c10h8_0pent_1 (0, 5):
    len(ac)=10
    len(ac_check)=18
    same=False
	edges: [(0, 1), (0, 9), (1, 2), (2, 3), (3, 4), (3, 8), (4, 5), (5, 6), (6, 7), (7, 8), (8, 9)]
	edges_check: [(0, 1), (0, 5), (0, 6), (1, 2), (1, 9), (2, 3), (3, 4), (4, 5), (6, 7), (7, 8), (8, 9)]
hc_c18h12_0pent_1 (2, 14):
    len(ac)=18
    len(ac_check)=30
    same=False
	edges: [(0, 1), (0, 5), (1, 2), (2, 3), (3, 4), (3, 17), (4, 5), (4, 6), (6, 7), (6, 11), (7, 8), (8, 9), (9, 10), (10, 11), (11, 12), (12, 13), (12, 17), (13, 14), (14, 15), (15, 16), (16, 17)]
	edges_check: [(0, 1), (0, 5), (0, 6), (1, 2), (1, 9), (2, 3), (2, 10), (3, 4), (3, 13), (4, 5), (4, 14), (5, 17), (6, 7), (7, 8), (8, 9), (10, 11), (11, 12), (12, 13), (14, 15), (15, 16), (16, 17)]
hc_c22h14_0pent_10 (5, 15):
    len(ac)=22
    len(ac_check)=36
    same=False
	edges: [(0, 1), (0, 5), (1, 2), (2, 3), (3, 4), (3, 21), (4, 5), (4, 6), (6, 7), (7, 8), (8, 9), (8, 21), (9, 10), (10, 11), (10, 19), (11, 12), (12, 13), (13, 14), (13, 18), (14, 15), (15, 16), (16, 17), (17, 18), (18, 19), (19, 20), (20, 21)]
	edges_check: [(0, 1), (0, 5), (0, 6), (1, 2), (1, 9), (2, 3), (3, 4), (3, 10), (4, 5), (4, 13), (6, 7), (6, 14), (7, 8), (7, 17), (8, 9), (10, 11), (11, 12), (12, 13), (12, 18), (13, 21), (14, 15), (15, 16), (16, 17), (18, 19), (19, 20), (20, 21)]
hc_c10h8_0pent_1 (0, 5):
    len(ac)=10
    len(ac_check)=18
    same=False
	edges: [(0, 1), (0, 9), (1, 2), (2, 3), (3, 4), (3, 8), (4, 5), (5, 6), (6, 7), (7, 8), (8, 9)]
	edges_check: [(0, 1), (0, 5), (0, 6), (1, 2), (1, 9), (2, 3), (3, 4), (4, 5), (6, 7), (7, 8), (8, 9)]
hc_c18h12_0pent_1 (2, 14):
    len(ac)=18
    len(ac_check)=30
    same=False
	edges: [(0, 1), (0, 5), (1, 2), (2, 3), (3, 4), (3, 17), (4, 5), (4, 6), (6, 7), (6, 11), (7, 8), (8, 9), (9, 10), (10, 11), (11, 12), (12, 13), (12, 17), (13, 14), (14, 15), (15, 16), (16, 17)]
	edges_check: [(0, 1), (0, 5), (0, 6), (1, 2), (1, 9), (2, 3), (2, 10), (3, 4), (3, 13), (4, 5), (4, 14), (5, 17), (6, 7), (7, 8), (8, 9), (10, 11), (11, 12), (12, 13), (14, 15), (15, 16), (16, 17)]
hc_c22h14_0pent_10 (5, 15):
    len(ac)=22
    len(ac_check)=36
    same=False
	edges: [(0, 1), (0, 5), (1, 2), (2, 3), (3, 4), (3, 21), (4, 5), (4, 6), (6, 7), (7, 8), (8, 9), (8, 21), (9, 10), (10, 11), (10, 19), (11, 12), (12, 13), (13, 14), (13, 18), (14, 15), (15, 16), (16, 17), (17, 18), (18, 19), (19, 20), (20, 21)]
	edges_check: [(0, 1), (0, 5), (0, 6), (1, 2), (1, 9), (2, 3), (3, 4), (3, 10), (4, 5), (4, 13), (6, 7), (6, 14), (7, 8), (7, 17), (8, 9), (10, 11), (11, 12), (12, 13), (12, 18), (13, 21), (14, 15), (15, 16), (16, 17), (18, 19), (19, 20), (20, 21)]
hc_c10h8_0pent_1 (0, 5):
    len(ac)=10
    len(ac_check)=18
    same=False
	edges: [(0, 1), (0, 9), (1, 2), (2, 3), (3, 4), (3, 8), (4, 5), (5, 6), (6, 7), (7, 8), (8, 9)]
	edges_check: [(0, 1), (0, 5), (0, 6), (1, 2), (1, 9), (2, 3), (3, 4), (4, 5), (6, 7), (7, 8), (8, 9)]
hc_c18h12_0pent_1 (2, 14):
    len(ac)=18
    len(ac_check)=30
    same=False
	edges: [(0, 1), (0, 5), (1, 2), (2, 3), (3, 4), (3, 17), (4, 5), (4, 6), (6, 7), (6, 11), (7, 8), (8, 9), (9, 10), (10, 11), (11, 12), (12, 13), (12, 17), (13, 14), (14, 15), (15, 16), (16, 17)]
	edges_check: [(0, 1), (0, 5), (0, 6), (1, 2), (1, 9), (2, 3), (2, 10), (3, 4), (3, 13), (4, 5), (4, 14), (5, 17), (6, 7), (7, 8), (8, 9), (10, 11), (11, 12), (12, 13), (14, 15), (15, 16), (16, 17)]
hc_c22h14_0pent_10 (5, 15):
    len(ac)=22
    len(ac_check)=36
    same=False
	edges: [(0, 1), (0, 5), (1, 2), (2, 3), (3, 4), (3, 21), (4, 5), (4, 6), (6, 7), (7, 8), (8, 9), (8, 21), (9, 10), (10, 11), (10, 19), (11, 12), (12, 13), (13, 14), (13, 18), (14, 15), (15, 16), (16, 17), (17, 18), (18, 19), (19, 20), (20, 21)]
	edges_check: [(0, 1), (0, 5), (0, 6), (1, 2), (1, 9), (2, 3), (3, 4), (3, 10), (4, 5), (4, 13), (6, 7), (6, 14), (7, 8), (7, 17), (8, 9), (10, 11), (11, 12), (12, 13), (12, 18), (13, 21), (14, 15), (15, 16), (16, 17), (18, 19), (19, 20), (20, 21)]
hc_c10h8_0pent_1 (0, 5):
    len(ac)=10
    len(ac_check)=18
    same=False
	edges: [(0, 1), (0, 9), (1, 2), (2, 3), (3, 4), (3, 8), (4, 5), (5, 6), (6, 7), (7, 8), (8, 9)]
	edges_check: [(0, 1), (0, 5), (0, 6), (1, 2), (1, 9), (2, 3), (3, 4), (4, 5), (6, 7), (7, 8), (8, 9)]
hc_c18h12_0pent_1 (2, 14):
    len(ac)=18
    len(ac_check)=30
    same=False
	edges: [(0, 1), (0, 5), (1, 2), (2, 3), (3, 4), (3, 17), (4, 5), (4, 6), (6, 7), (6, 11), (7, 8), (8, 9), (9, 10), (10, 11), (11, 12), (12, 13), (12, 17), (13, 14), (14, 15), (15, 16), (16, 17)]
	edges_check: [(0, 1), (0, 5), (0, 6), (1, 2), (1, 9), (2, 3), (2, 10), (3, 4), (3, 13), (4, 5), (4, 14), (5, 17), (6, 7), (7, 8), (8, 9), (10, 11), (11, 12), (12, 13), (14, 15), (15, 16), (16, 17)]
hc_c22h14_0pent_10 (5, 15):
    len(ac)=22
    len(ac_check)=36
    same=False
	edges: [(0, 1), (0, 5), (1, 2), (2, 3), (3, 4), (3, 21), (4, 5), (4, 6), (6, 7), (7, 8), (8, 9), (8, 21), (9, 10), (10, 11), (10, 19), (11, 12), (12, 13), (13, 14), (13, 18), (14, 15), (15, 16), (16, 17), (17, 18), (18, 19), (19, 20), (20, 21)]
	edges_check: [(0, 1), (0, 5), (0, 6), (1, 2), (1, 9), (2, 3), (3, 4), (3, 10), (4, 5), (4, 13), (6, 7), (6, 14), (7, 8), (7, 17), (8, 9), (10, 11), (11, 12), (12, 13), (12, 18), (13, 21), (14, 15), (15, 16), (16, 17), (18, 19), (19, 20), (20, 21)]
hc_c10h8_0pent_1 (0, 5):
    len(ac)=10
    len(ac_check)=18
    same=False
	edges: [(0, 1), (0, 9), (1, 2), (2, 3), (3, 4), (3, 8), (4, 5), (5, 6), (6, 7), (7, 8), (8, 9)]
	edges_check: [(0, 1), (0, 5), (0, 6), (1, 2), (1, 9), (2, 3), (3, 4), (4, 5), (6, 7), (7, 8), (8, 9)]
hc_c18h12_0pent_1 (2, 14):
    len(ac)=18
    len(ac_check)=30
    same=False
	edges: [(0, 1), (0, 5), (1, 2), (2, 3), (3, 4), (3, 17), (4, 5), (4, 6), (6, 7), (6, 11), (7, 8), (8, 9), (9, 10), (10, 11), (11, 12), (12, 13), (12, 17), (13, 14), (14, 15), (15, 16), (16, 17)]
	edges_check: [(0, 1), (0, 5), (0, 6), (1, 2), (1, 9), (2, 3), (2, 10), (3, 4), (3, 13), (4, 5), (4, 14), (5, 17), (6, 7), (7, 8), (8, 9), (10, 11), (11, 12), (12, 13), (14, 15), (15, 16), (16, 17)]
hc_c22h14_0pent_10 (5, 15):
    len(ac)=22
    len(ac_check)=36
    same=False
	edges: [(0, 1), (0, 5), (1, 2), (2, 3), (3, 4), (3, 21), (4, 5), (4, 6), (6, 7), (7, 8), (8, 9), (8, 21), (9, 10), (10, 11), (10, 19), (11, 12), (12, 13), (13, 14), (13, 18), (14, 15), (15, 16), (16, 17), (17, 18), (18, 19), (19, 20), (20, 21)]
	edges_check: [(0, 1), (0, 5), (0, 6), (1, 2), (1, 9), (2, 3), (3, 4), (3, 10), (4, 5), (4, 13), (6, 7), (6, 14), (7, 8), (7, 17), (8, 9), (10, 11), (11, 12), (12, 13), (12, 18), (13, 21), (14, 15), (15, 16), (16, 17), (18, 19), (19, 20), (20, 21)]
hc_c10h8_0pent_1 (0, 5):
    len(ac)=10
    len(ac_check)=18
    same=False
	edges: [(0, 1), (0, 9), (1, 2), (2, 3), (3, 4), (3, 8), (4, 5), (5, 6), (6, 7), (7, 8), (8, 9)]
	edges_check: [(0, 1), (0, 5), (0, 6), (1, 2), (1, 9), (2, 3), (3, 4), (4, 5), (6, 7), (7, 8), (8, 9)]
hc_c18h12_0pent_1 (2, 14):
    len(ac)=18
    len(ac_check)=30
    same=False
	edges: [(0, 1), (0, 5), (1, 2), (2, 3), (3, 4), (3, 17), (4, 5), (4, 6), (6, 7), (6, 11), (7, 8), (8, 9), (9, 10), (10, 11), (11, 12), (12, 13), (12, 17), (13, 14), (14, 15), (15, 16), (16, 17)]
	edges_check: [(0, 1), (0, 5), (0, 6), (1, 2), (1, 9), (2, 3), (2, 10), (3, 4), (3, 13), (4, 5), (4, 14), (5, 17), (6, 7), (7, 8), (8, 9), (10, 11), (11, 12), (12, 13), (14, 15), (15, 16), (16, 17)]
hc_c22h14_0pent_10 (5, 15):
    len(ac)=22
    len(ac_check)=36
    same=False
	edges: [(0, 1), (0, 5), (1, 2), (2, 3), (3, 4), (3, 21), (4, 5), (4, 6), (6, 7), (7, 8), (8, 9), (8, 21), (9, 10), (10, 11), (10, 19), (11, 12), (12, 13), (13, 14), (13, 18), (14, 15), (15, 16), (16, 17), (17, 18), (18, 19), (19, 20), (20, 21)]
	edges_check: [(0, 1), (0, 5), (0, 6), (1, 2), (1, 9), (2, 3), (3, 4), (3, 10), (4, 5), (4, 13), (6, 7), (6, 14), (7, 8), (7, 17), (8, 9), (10, 11), (11, 12), (12, 13), (12, 18), (13, 21), (14, 15), (15, 16), (16, 17), (18, 19), (19, 20), (20, 21)]
hc_c10h8_0pent_1 (0, 5):
    len(ac)=10
    len(ac_check)=18
    same=False
	edges: [(0, 1), (0, 9), (1, 2), (2, 3), (3, 4), (3, 8), (4, 5), (5, 6), (6, 7), (7, 8), (8, 9)]
	edges_check: [(0, 1), (0, 5), (0, 6), (1, 2), (1, 9), (2, 3), (3, 4), (4, 5), (6, 7), (7, 8), (8, 9)]
hc_c18h12_0pent_1 (2, 14):
    len(ac)=18
    len(ac_check)=30
    same=False
	edges: [(0, 1), (0, 5), (1, 2), (2, 3), (3, 4), (3, 17), (4, 5), (4, 6), (6, 7), (6, 11), (7, 8), (8, 9), (9, 10), (10, 11), (11, 12), (12, 13), (12, 17), (13, 14), (14, 15), (15, 16), (16, 17)]
	edges_check: [(0, 1), (0, 5), (0, 6), (1, 2), (1, 9), (2, 3), (2, 10), (3, 4), (3, 13), (4, 5), (4, 14), (5, 17), (6, 7), (7, 8), (8, 9), (10, 11), (11, 12), (12, 13), (14, 15), (15, 16), (16, 17)]
hc_c22h14_0pent_10 (5, 15):
    len(ac)=22
    len(ac_check)=36
    same=False
	edges: [(0, 1), (0, 5), (1, 2), (2, 3), (3, 4), (3, 21), (4, 5), (4, 6), (6, 7), (7, 8), (8, 9), (8, 21), (9, 10), (10, 11), (10, 19), (11, 12), (12, 13), (13, 14), (13, 18), (14, 15), (15, 16), (16, 17), (17, 18), (18, 19), (19, 20), (20, 21)]
	edges_check: [(0, 1), (0, 5), (0, 6), (1, 2), (1, 9), (2, 3), (3, 4), (3, 10), (4, 5), (4, 13), (6, 7), (6, 14), (7, 8), (7, 17), (8, 9), (10, 11), (11, 12), (12, 13), (12, 18), (13, 21), (14, 15), (15, 16), (16, 17), (18, 19), (19, 20), (20, 21)]
hc_c10h8_0pent_1 (0, 5):
    len(ac)=10
    len(ac_check)=18
    same=False
	edges: [(0, 1), (0, 9), (1, 2), (2, 3), (3, 4), (3, 8), (4, 5), (5, 6), (6, 7), (7, 8), (8, 9)]
	edges_check: [(0, 1), (0, 5), (0, 6), (1, 2), (1, 9), (2, 3), (3, 4), (4, 5), (6, 7), (7, 8), (8, 9)]
hc_c18h12_0pent_1 (2, 14):
    len(ac)=18
    len(ac_check)=30
    same=False
	edges: [(0, 1), (0, 5), (1, 2), (2, 3), (3, 4), (3, 17), (4, 5), (4, 6), (6, 7), (6, 11), (7, 8), (8, 9), (9, 10), (10, 11), (11, 12), (12, 13), (12, 17), (13, 14), (14, 15), (15, 16), (16, 17)]
	edges_check: [(0, 1), (0, 5), (0, 6), (1, 2), (1, 9), (2, 3), (2, 10), (3, 4), (3, 13), (4, 5), (4, 14), (5, 17), (6, 7), (7, 8), (8, 9), (10, 11), (11, 12), (12, 13), (14, 15), (15, 16), (16, 17)]
hc_c22h14_0pent_10 (5, 15):
    len(ac)=22
    len(ac_check)=36
    same=False
	edges: [(0, 1), (0, 5), (1, 2), (2, 3), (3, 4), (3, 21), (4, 5), (4, 6), (6, 7), (7, 8), (8, 9), (8, 21), (9, 10), (10, 11), (10, 19), (11, 12), (12, 13), (13, 14), (13, 18), (14, 15), (15, 16), (16, 17), (17, 18), (18, 19), (19, 20), (20, 21)]
	edges_check: [(0, 1), (0, 5), (0, 6), (1, 2), (1, 9), (2, 3), (3, 4), (3, 10), (4, 5), (4, 13), (6, 7), (6, 14), (7, 8), (7, 17), (8, 9), (10, 11), (11, 12), (12, 13), (12, 18), (13, 21), (14, 15), (15, 16), (16, 17), (18, 19), (19, 20), (20, 21)]
hc_c10h8_0pent_1 (0, 5):
    len(ac)=10
    len(ac_check)=18
    same=False
	edges: [(0, 1), (0, 9), (1, 2), (2, 3), (3, 4), (3, 8), (4, 5), (5, 6), (6, 7), (7, 8), (8, 9)]
	edges_check: [(0, 1), (0, 5), (0, 6), (1, 2), (1, 9), (2, 3), (3, 4), (4, 5), (6, 7), (7, 8), (8, 9)]
hc_c18h12_0pent_1 (2, 14):
    len(ac)=18
    len(ac_check)=30
    same=False
	edges: [(0, 1), (0, 5), (1, 2), (2, 3), (3, 4), (3, 17), (4, 5), (4, 6), (6, 7), (6, 11), (7, 8), (8, 9), (9, 10), (10, 11), (11, 12), (12, 13), (12, 17), (13, 14), (14, 15), (15, 16), (16, 17)]
	edges_check: [(0, 1), (0, 5), (0, 6), (1, 2), (1, 9), (2, 3), (2, 10), (3, 4), (3, 13), (4, 5), (4, 14), (5, 17), (6, 7), (7, 8), (8, 9), (10, 11), (11, 12), (12, 13), (14, 15), (15, 16), (16, 17)]
hc_c22h14_0pent_10 (5, 15):
    len(ac)=22
    len(ac_check)=36
    same=False
	edges: [(0, 1), (0, 5), (1, 2), (2, 3), (3, 4), (3, 21), (4, 5), (4, 6), (6, 7), (7, 8), (8, 9), (8, 21), (9, 10), (10, 11), (10, 19), (11, 12), (12, 13), (13, 14), (13, 18), (14, 15), (15, 16), (16, 17), (17, 18), (18, 19), (19, 20), (20, 21)]
	edges_check: [(0, 1), (0, 5), (0, 6), (1, 2), (1, 9), (2, 3), (3, 4), (3, 10), (4, 5), (4, 13), (6, 7), (6, 14), (7, 8), (7, 17), (8, 9), (10, 11), (11, 12), (12, 13), (12, 18), (13, 21), (14, 15), (15, 16), (16, 17), (18, 19), (19, 20), (20, 21)]
hc_c10h8_0pent_1 (0, 5):
    len(ac)=10
    len(ac_check)=18
    same=False
	edges: [(0, 1), (0, 9), (1, 2), (2, 3), (3, 4), (3, 8), (4, 5), (5, 6), (6, 7), (7, 8), (8, 9)]
	edges_check: [(0, 1), (0, 5), (0, 6), (1, 2), (1, 9), (2, 3), (3, 4), (4, 5), (6, 7), (7, 8), (8, 9)]
hc_c18h12_0pent_1 (2, 14):
    len(ac)=18
    len(ac_check)=30
    same=False
	edges: [(0, 1), (0, 5), (1, 2), (2, 3), (3, 4), (3, 17), (4, 5), (4, 6), (6, 7), (6, 11), (7, 8), (8, 9), (9, 10), (10, 11), (11, 12), (12, 13), (12, 17), (13, 14), (14, 15), (15, 16), (16, 17)]
	edges_check: [(0, 1), (0, 5), (0, 6), (1, 2), (1, 9), (2, 3), (2, 10), (3, 4), (3, 13), (4, 5), (4, 14), (5, 17), (6, 7), (7, 8), (8, 9), (10, 11), (11, 12), (12, 13), (14, 15), (15, 16), (16, 17)]
hc_c22h14_0pent_10 (5, 15):
    len(ac)=22
    len(ac_check)=36
    same=False
	edges: [(0, 1), (0, 5), (1, 2), (2, 3), (3, 4), (3, 21), (4, 5), (4, 6), (6, 7), (7, 8), (8, 9), (8, 21), (9, 10), (10, 11), (10, 19), (11, 12), (12, 13), (13, 14), (13, 18), (14, 15), (15, 16), (16, 17), (17, 18), (18, 19), (19, 20), (20, 21)]
	edges_check: [(0, 1), (0, 5), (0, 6), (1, 2), (1, 9), (2, 3), (3, 4), (3, 10), (4, 5), (4, 13), (6, 7), (6, 14), (7, 8), (7, 17), (8, 9), (10, 11), (11, 12), (12, 13), (12, 18), (13, 21), (14, 15), (15, 16), (16, 17), (18, 19), (19, 20), (20, 21)]
hc_c10h8_0pent_1 (0, 5):
    len(ac)=10
    len(ac_check)=18
    same=False
	edges: [(0, 1), (0, 9), (1, 2), (2, 3), (3, 4), (3, 8), (4, 5), (5, 6), (6, 7), (7, 8), (8, 9)]
	edges_check: [(0, 1), (0, 5), (0, 6), (1, 2), (1, 9), (2, 3), (3, 4), (4, 5), (6, 7), (7, 8), (8, 9)]
hc_c18h12_0pent_1 (2, 14):
    len(ac)=18
    len(ac_check)=30
    same=False
	edges: [(0, 1), (0, 5), (1, 2), (2, 3), (3, 4), (3, 17), (4, 5), (4, 6), (6, 7), (6, 11), (7, 8), (8, 9), (9, 10), (10, 11), (11, 12), (12, 13), (12, 17), (13, 14), (14, 15), (15, 16), (16, 17)]
	edges_check: [(0, 1), (0, 5), (0, 6), (1, 2), (1, 9), (2, 3), (2, 10), (3, 4), (3, 13), (4, 5), (4, 14), (5, 17), (6, 7), (7, 8), (8, 9), (10, 11), (11, 12), (12, 13), (14, 15), (15, 16), (16, 17)]
hc_c22h14_0pent_10 (5, 15):
    len(ac)=22
    len(ac_check)=36
    same=False
	edges: [(0, 1), (0, 5), (1, 2), (2, 3), (3, 4), (3, 21), (4, 5), (4, 6), (6, 7), (7, 8), (8, 9), (8, 21), (9, 10), (10, 11), (10, 19), (11, 12), (12, 13), (13, 14), (13, 18), (14, 15), (15, 16), (16, 17), (17, 18), (18, 19), (19, 20), (20, 21)]
	edges_check: [(0, 1), (0, 5), (0, 6), (1, 2), (1, 9), (2, 3), (3, 4), (3, 10), (4, 5), (4, 13), (6, 7), (6, 14), (7, 8), (7, 17), (8, 9), (10, 11), (11, 12), (12, 13), (12, 18), (13, 21), (14, 15), (15, 16), (16, 17), (18, 19), (19, 20), (20, 21)]
hc_c10h8_0pent_1 (0, 5):
    len(ac)=10
    len(ac_check)=18
    same=False
	edges: [(0, 1), (0, 9), (1, 2), (2, 3), (3, 4), (3, 8), (4, 5), (5, 6), (6, 7), (7, 8), (8, 9)]
	edges_check: [(0, 1), (0, 5), (0, 6), (1, 2), (1, 9), (2, 3), (3, 4), (4, 5), (6, 7), (7, 8), (8, 9)]
hc_c18h12_0pent_1 (2, 14):
    len(ac)=18
    len(ac_check)=30
    same=False
	edges: [(0, 1), (0, 5), (1, 2), (2, 3), (3, 4), (3, 17), (4, 5), (4, 6), (6, 7), (6, 11), (7, 8), (8, 9), (9, 10), (10, 11), (11, 12), (12, 13), (12, 17), (13, 14), (14, 15), (15, 16), (16, 17)]
	edges_check: [(0, 1), (0, 5), (0, 6), (1, 2), (1, 9), (2, 3), (2, 10), (3, 4), (3, 13), (4, 5), (4, 14), (5, 17), (6, 7), (7, 8), (8, 9), (10, 11), (11, 12), (12, 13), (14, 15), (15, 16), (16, 17)]
hc_c22h14_0pent_10 (5, 15):
    len(ac)=22
    len(ac_check)=36
    same=False
	edges: [(0, 1), (0, 5), (1, 2), (2, 3), (3, 4), (3, 21), (4, 5), (4, 6), (6, 7), (7, 8), (8, 9), (8, 21), (9, 10), (10, 11), (10, 19), (11, 12), (12, 13), (13, 14), (13, 18), (14, 15), (15, 16), (16, 17), (17, 18), (18, 19), (19, 20), (20, 21)]
	edges_check: [(0, 1), (0, 5), (0, 6), (1, 2), (1, 9), (2, 3), (3, 4), (3, 10), (4, 5), (4, 13), (6, 7), (6, 14), (7, 8), (7, 17), (8, 9), (10, 11), (11, 12), (12, 13), (12, 18), (13, 21), (14, 15), (15, 16), (16, 17), (18, 19), (19, 20), (20, 21)]
hc_c10h8_0pent_1 (0, 5):
    len(ac)=10
    len(ac_check)=18
    same=False
	edges: [(0, 1), (0, 9), (1, 2), (2, 3), (3, 4), (3, 8), (4, 5), (5, 6), (6, 7), (7, 8), (8, 9)]
	edges_check: [(0, 1), (0, 5), (0, 6), (1, 2), (1, 9), (2, 3), (3, 4), (4, 5), (6, 7), (7, 8), (8, 9)]
hc_c18h12_0pent_1 (2, 14):
    len(ac)=18
    len(ac_check)=30
    same=False
	edges: [(0, 1), (0, 5), (1, 2), (2, 3), (3, 4), (3, 17), (4, 5), (4, 6), (6, 7), (6, 11), (7, 8), (8, 9), (9, 10), (10, 11), (11, 12), (12, 13), (12, 17), (13, 14), (14, 15), (15, 16), (16, 17)]
	edges_check: [(0, 1), (0, 5), (0, 6), (1, 2), (1, 9), (2, 3), (2, 10), (3, 4), (3, 13), (4, 5), (4, 14), (5, 17), (6, 7), (7, 8), (8, 9), (10, 11), (11, 12), (12, 13), (14, 15), (15, 16), (16, 17)]
hc_c22h14_0pent_10 (5, 15):
    len(ac)=22
    len(ac_check)=36
    same=False
	edges: [(0, 1), (0, 5), (1, 2), (2, 3), (3, 4), (3, 21), (4, 5), (4, 6), (6, 7), (7, 8), (8, 9), (8, 21), (9, 10), (10, 11), (10, 19), (11, 12), (12, 13), (13, 14), (13, 18), (14, 15), (15, 16), (16, 17), (17, 18), (18, 19), (19, 20), (20, 21)]
	edges_check: [(0, 1), (0, 5), (0, 6), (1, 2), (1, 9), (2, 3), (3, 4), (3, 10), (4, 5), (4, 13), (6, 7), (6, 14), (7, 8), (7, 17), (8, 9), (10, 11), (11, 12), (12, 13), (12, 18), (13, 21), (14, 15), (15, 16), (16, 17), (18, 19), (19, 20), (20, 21)]
hc_c10h8_0pent_1 (0, 5):
    len(ac)=10
    len(ac_check)=18
    same=False
	edges: [(0, 1), (0, 9), (1, 2), (2, 3), (3, 4), (3, 8), (4, 5), (5, 6), (6, 7), (7, 8), (8, 9)]
	edges_check: [(0, 1), (0, 5), (0, 6), (1, 2), (1, 9), (2, 3), (3, 4), (4, 5), (6, 7), (7, 8), (8, 9)]
hc_c18h12_0pent_1 (2, 14):
    len(ac)=18
    len(ac_check)=30
    same=False
	edges: [(0, 1), (0, 5), (1, 2), (2, 3), (3, 4), (3, 17), (4, 5), (4, 6), (6, 7), (6, 11), (7, 8), (8, 9), (9, 10), (10, 11), (11, 12), (12, 13), (12, 17), (13, 14), (14, 15), (15, 16), (16, 17)]
	edges_check: [(0, 1), (0, 5), (0, 6), (1, 2), (1, 9), (2, 3), (2, 10), (3, 4), (3, 13), (4, 5), (4, 14), (5, 17), (6, 7), (7, 8), (8, 9), (10, 11), (11, 12), (12, 13), (14, 15), (15, 16), (16, 17)]
hc_c22h14_0pent_10 (5, 15):
    len(ac)=22
    len(ac_check)=36
    same=False
	edges: [(0, 1), (0, 5), (1, 2), (2, 3), (3, 4), (3, 21), (4, 5), (4, 6), (6, 7), (7, 8), (8, 9), (8, 21), (9, 10), (10, 11), (10, 19), (11, 12), (12, 13), (13, 14), (13, 18), (14, 15), (15, 16), (16, 17), (17, 18), (18, 19), (19, 20), (20, 21)]
	edges_check: [(0, 1), (0, 5), (0, 6), (1, 2), (1, 9), (2, 3), (3, 4), (3, 10), (4, 5), (4, 13), (6, 7), (6, 14), (7, 8), (7, 17), (8, 9), (10, 11), (11, 12), (12, 13), (12, 18), (13, 21), (14, 15), (15, 16), (16, 17), (18, 19), (19, 20), (20, 21)]
